8096731704770262283
76577414358059936
3573709403679090150
883848769974887556
8675435196576681891
12277598775898502699
9105733082966167484
11497307332088440189
134904647257651475
14033569181553633989
10199031263919679748
11696935234346620820
4676282197288302747
14847410546210273691
7047483324984784026
9184611382360119523
7625434288583711123
4958387483587820084
316616440300920698
4329401696789895093
15141252168597941427
13136427720365195338
1126697040631268306
8195924800070580817
12554975974014837994
3793465284594049172
5961191119224683755
10094270901520510531
4952200122675640479
8240010423709650759
10180768019174140334
2009137897907395139
1992068315075212890
13245589094333870418
9013706593731287002
8101907533015861807
4559022359754458477
14163499196382502799
12036420895313509165
6372164453202404929
1580531719778005632
13420460190984042780
95672162872746863
2789803717304725375
2347864236812509430
3118940029300989975
7540929059001244697
4939796416350985982
2152895071380293994
2705725623252600796
11576424269343300867
1156529954701500933
10650661473505248397
578319596490511051
2537020253602807858
7652481353713699639
13845976206786970441
10380512115050818836
14352104069528691108
12015346954217975113
1385449010501652774
9696618591400869638
11296073189780349146
1549940966558455743
9594145818416843761
5548501428811016023
10366072725249471542
10430756388490835117
10155930156759016297
13348980499060458598
7995496866122572158
6993788224449916834
2798847163135689261
4268158202472133093
9018339562402240768
13908186467598089020
3198368226207954499
3103911920067160313
7529262324345574097
8485251101598473570
10132910034076575002
5831143916978511542
6535437188186838428
106846531846301032
12328226579463318021
